3.190000000000000000e+02 3.138373845796195951e+02 4.318564465390096530e+01 3.131710689413506543e+02 4.239360687680623130e+01
3.200000000000000000e+02 3.293649321592951082e+02 4.318564465390096530e+01 3.449743826557950683e+02 4.287413597217125272e+01
3.210000000000000000e+02 3.120273093573748611e+02 1.612451483448647238e+01 3.124367071088954617e+02 1.612451483448647238e+01
3.220000000000000000e+02 3.301704920829352545e+02 1.170470054238469793e+01 3.305961621162323922e+02 1.244765516433339769e+01
3.230000000000000000e+02 3.294807628709111214e+02 1.170470054238469793e+01 3.269865255495720930e+02 9.441873795853576112e+00
3.240000000000000000e+02 3.516927584851405868e+02 1.664331652237899917e+01 3.724597530592095040e+02 1.207219231368467049e+01
3.250000000000000000e+02 3.513652698080158530e+02 9.219544019614357211e+00 3.527424441773634953e+02 9.219544019614357211e+00
3.260000000000000000e+02 3.326158533631475507e+02 9.219544019614357211e+00 3.332535835029227087e+02 9.219544019614357211e+00
3.270000000000000000e+02 3.642139363335224402e+02 1.389244455515018295e+01 3.666089956560049927e+02 1.302055551460319727e+01
3.280000000000000000e+02 3.959021164716555177e+02 1.280624900279174305e+01 3.954717242436516358e+02 1.106882835664984199e+01
3.290000000000000000e+02 3.785049943175534395e+02 1.280624900279174305e+01 3.806298957752783281e+02 1.130458300283142670e+01
3.300000000000000000e+02 3.722671572563774021e+02 2.334523512467538708e+01 3.725005971959313911e+02 2.457958081657948313e+01
